4294967279,68
4294967279,67
4294967279,66
4294967279,65
4294967279,64
4294967279,63
4294967279,62
4294967279,61
4294967279,60
4294967279,59
4294967279,58
4294967278,315
4294967279,91
4294967279,90
4294967279,89
4294967279,87
4294967279,86
4294967279,85
4294967279,84
4294967279,83
4294967279,82
4294967279,81
4294967279,80
4294967279,79
4294967279,78
4294967279,77
4294967279,76
4294967279,75
4294967279,74
4294967279,73
4294967279,72
4294967279,71
4294967279,70
4294967279,69
4294967279,330
4294967278,314
4294967279,258
4294967278,313
4294967279,329
4294967278,258
4294967279,328
4294967278,10
4294967278,9
4294967278,8
4294967278,7
4294967278,6
4294967278,5
4294967278,4
4294967279,132
4294967279,131
4294967279,130
4294967279,129
4294967279,124
4294967279,123
4294967279,119
4294967279,117
4294967279,116
4294967279,115
4294967279,114
4294967279,112
4294967279,111
4294967279,110
4294967279,109
4294967279,108
4294967279,107
4294967279,106
4294967279,105
4294967279,104
4294967279,103
4294967279,102
4294967279,101
4294967279,100
4294967279,99
4294967279,98
4294967279,97
4294967279,96
4294967279,95
4294967279,94
4294967279,93
4294967279,92
4294967278,312
4294967279,327
4294967279,128
4294967278,311
4294967279,326
4294967279,127
4294967278,256
4294967279,325
4294967279,126
4294967278,255
4294967279,125
4294967279,254
4294967278,253
4294967279,252
4294967294,590
4294967278,250
4294967279,122
4294967279,250
4294967279,113
4294967278,248
4294967279,121
4294967279,248
4294967278,245
4294967278,246
4294967279,120
4294967279,246
4294967278,243
4294967279,243
4294967294,38
4294967294,37
4294967294,190
4294967294,1072
4294967279,233
4294967294,388
4294967294,387
4294967294,411
4294967294,396
4294967294,421
4294967294,386
4294967294,178
4294967294,158
4294967294,408
4294967294,422
4294967294,426
4294967294,596
4294967294,417
4294967294,183
4294967294,112
4294967294,164
4294967294,461
4294967294,469
4294967294,188
4294967279,234
4294967278,241
4294967278,242
4294967279,242
4294967279,324
4294967279,260
4294967279,0
4294967279,118
4294967278,239
4294967279,241
4294967278,310
4294967278,236
4294967279,237
15,5
4294967278,234
15,4
15,3
15,2
15,1
4294967278,232
4294967294,40
4294967294,99
4294967294,41
4294967294,107
4294967278,230
14,4
4294967278,228
14,3
14,2
14,1
4294967278,227
4294967294,9
4294967294,439
4294967294,44
4294967294,427
4294967294,43
4294967294,53
4294967294,419
4294967294,51
4294967294,159
4294967294,29
4294967294,85
4294967278,226
4294967294,126
4294967294,1283
4294967294,83
4294967294,11
4294967278,39
4294967278,38
4294967278,37
4294967278,36
4294967278,35
4294967278,34
4294967278,33
4294967278,32
4294967278,31
4294967278,30
4294967278,29
4294967278,28
4294967278,27
4294967278,26
4294967278,25
4294967278,24
4294967278,23
4294967278,22
4294967278,21
4294967278,20
4294967278,19
4294967278,18
4294967278,17
4294967278,16
4294967278,15
4294967278,14
4294967278,13
4294967278,12
4294967278,11
4294967279,22
4294967279,20
4294967279,19
4294967279,17
4294967279,16
4294967279,15
4294967279,13
4294967278,225
4294967278,223
4294967278,132
4294967278,131
4294967278,130
4294967278,129
4294967278,128
4294967278,127
4294967278,126
4294967278,125
4294967278,124
4294967278,123
4294967278,122
4294967278,121
4294967278,120
4294967278,119
4294967278,118
4294967278,117
4294967278,116
4294967278,115
4294967278,114
4294967278,113
4294967278,112
4294967278,111
4294967278,110
4294967278,109
4294967278,108
4294967278,104
4294967278,102
4294967278,101
4294967278,100
4294967278,99
4294967278,95
4294967278,93
4294967278,92
4294967278,91
4294967278,90
4294967278,84
4294967278,82
4294967278,80
4294967278,79
4294967278,78
4294967278,77
4294967278,74
4294967278,72
4294967278,71
4294967278,70
4294967278,69
4294967278,68
4294967278,67
4294967278,66
4294967278,65
4294967278,64
4294967278,63
4294967278,62
4294967278,61
4294967278,60
4294967278,59
4294967278,58
4294967278,57
4294967278,56
4294967278,55
4294967278,54
4294967278,53
4294967278,52
4294967278,51
